{
    "frame": 20,
    "camera_data": [
        {
            "camera_angle_x": 0.6911112070083618,
            "file_path": "./train/Camera_frame_020.png",
            "rotation": -2.7165985107421875,
            "transform_matrix": [
                [
                    -0.9109834432601929,
                    -0.4122892916202545,
                    -0.011249720118939877,
                    0.30632781982421875
                ],
                [
                    0.12984509766101837,
                    -0.3125776946544647,
                    0.9409756660461426,
                    -0.025864969938993454
                ],
                [
                    -0.39147064089775085,
                    0.8557525873184204,
                    0.3382868468761444,
                    -127.32396697998047
                ],
                [
                    0.0,
                    0.0,
                    -0.0,
                    1.0
                ]
            ]
        },
        {
            "camera_angle_x": 0.6911112070083618,
            "file_path": "./train/Camera_00_frame_020.png",
            "rotation": 0.09308420121669769,
            "transform_matrix": [
                [
                    0.9956707954406738,
                    0.09294982999563217,
                    -1.862645149230957e-09,
                    2.437984676362248e-07
                ],
                [
                    -0.09142281115055084,
                    0.9793134331703186,
                    0.1805187612771988,
                    -14.186976432800293
                ],
                [
                    0.01677919365465641,
                    -0.17973725497722626,
                    0.9835715293884277,
                    -162.1905059814453
                ],
                [
                    -0.0,
                    0.0,
                    -0.0,
                    1.0
                ]
            ]
        },
        {
            "camera_angle_x": 0.6911112070083618,
            "file_path": "./train/Camera_01_frame_020.png",
            "rotation": 1.6964601278305054,
            "transform_matrix": [
                [
                    -0.12533333897590637,
                    0.9921147227287292,
                    6.05359717908982e-09,
                    -6.15287731875469e-08
                ],
                [
                    -0.9901570081710815,
                    -0.12508602440357208,
                    0.06279054284095764,
                    -1.9147200873703696e-06
                ],
                [
                    0.06229541450738907,
                    0.007869741879403591,
                    0.9980267286300659,
                    -113.52444458007812
                ],
                [
                    -0.0,
                    0.0,
                    -0.0,
                    1.0
                ]
            ]
        },
        {
            "camera_angle_x": 0.6911112070083618,
            "file_path": "./train/Camera_02_frame_020.png",
            "rotation": 1.8221238851547241,
            "transform_matrix": [
                [
                    -0.24869005382061005,
                    0.9685831665992737,
                    -3.1106176834327925e-07,
                    3.711974932230078e-05
                ],
                [
                    -0.9609456062316895,
                    -0.24672900140285492,
                    0.12533317506313324,
                    7.2836091931094415e-06
                ],
                [
                    0.12139551341533661,
                    0.031169410794973373,
                    0.9921147227287292,
                    -113.5244369506836
                ],
                [
                    -0.0,
                    -0.0,
                    -0.0,
                    1.0
                ]
            ]
        },
        {
            "camera_angle_x": 0.6911112070083618,
            "file_path": "./train/Camera_03_frame_020.png",
            "rotation": 1.9477876424789429,
            "transform_matrix": [
                [
                    -0.36812475323677063,
                    0.9297764301300049,
                    -9.685755486543712e-08,
                    1.5161775991145987e-05
                ],
                [
                    -0.9133075475692749,
                    -0.3616042137145996,
                    0.18738137185573578,
                    -3.8437297007476445e-06
                ],
                [
                    0.17422272264957428,
                    0.06897980719804764,
                    0.9822873473167419,
                    -113.52445220947266
                ],
                [
                    -0.0,
                    -0.0,
                    -0.0,
                    1.0
                ]
            ]
        },
        {
            "camera_angle_x": 0.6911112070083618,
            "file_path": "./train/Camera_04_frame_020.png",
            "rotation": 2.073451280593872,
            "transform_matrix": [
                [
                    -0.4817538261413574,
                    0.8763066530227661,
                    3.725290653733282e-08,
                    -2.416461768461886e-07
                ],
                [
                    -0.8487758636474609,
                    -0.4666186571121216,
                    0.2486899495124817,
                    -6.392575869540451e-06
                ],
                [
                    0.2179286628961563,
                    0.11980730295181274,
                    0.9685831665992737,
                    -113.5244369506836
                ],
                [
                    -0.0,
                    0.0,
                    -0.0,
                    1.0
                ]
            ]
        },
        {
            "camera_angle_x": 0.6911112070083618,
            "file_path": "./train/Camera_05_frame_020.png",
            "rotation": 2.1991147994995117,
            "transform_matrix": [
                [
                    -0.5877852439880371,
                    0.8090170621871948,
                    0.0,
                    -3.4934221275761956e-06
                ],
                [
                    -0.7694209218025208,
                    -0.5590169429779053,
                    0.30901700258255005,
                    -4.6292325350805186e-06
                ],
                [
                    0.25,
                    0.18163561820983887,
                    0.9510564804077148,
                    -113.52444458007812
                ],
                [
                    -0.0,
                    -0.0,
                    -0.0,
                    1.0
                ]
            ]
        },
        {
            "camera_angle_x": 0.6911112070083618,
            "file_path": "./train/Camera_06_frame_020.png",
            "rotation": 2.3247785568237305,
            "transform_matrix": [
                [
                    -0.6845471262931824,
                    0.728968620300293,
                    0.0,
                    1.2139812497480307e-06
                ],
                [
                    -0.677777886390686,
                    -0.6364758014678955,
                    0.3681245446205139,
                    1.3903973012929782e-06
                ],
                [
                    0.2683512270450592,
                    0.2519986033439636,
                    0.9297764897346497,
                    -113.52444458007812
                ],
                [
                    -0.0,
                    0.0,
                    -0.0,
                    1.0
                ]
            ]
        },
        {
            "camera_angle_x": 0.6911112070083618,
            "file_path": "./train/Camera_07_frame_020.png",
            "rotation": 2.45044207572937,
            "transform_matrix": [
                [
                    -0.7705131769180298,
                    0.6374241709709167,
                    -1.1920930376163597e-07,
                    2.606214593470213e-06
                ],
                [
                    -0.5767586827278137,
                    -0.6971811056137085,
                    0.42577940225601196,
                    -2.9392747364909155e-06
                ],
                [
                    0.27140194177627563,
                    0.32806864380836487,
                    0.9048271179199219,
                    -113.52445220947266
                ],
                [
                    -0.0,
                    -0.0,
                    -0.0,
                    1.0
                ]
            ]
        },
        {
            "camera_angle_x": 0.6911112070083618,
            "file_path": "./train/Camera_08_frame_020.png",
            "rotation": 2.576105833053589,
            "transform_matrix": [
                [
                    -0.8443278670310974,
                    0.5358269214630127,
                    -1.1920928955078125e-07,
                    4.580723270919407e-06
                ],
                [
                    -0.469548761844635,
                    -0.7398900389671326,
                    0.48175370693206787,
                    -2.198846004830557e-06
                ],
                [
                    0.258136510848999,
                    0.4067581295967102,
                    0.8763067126274109,
                    -113.52444458007812
                ],
                [
                    -0.0,
                    -0.0,
                    -0.0,
                    1.0
                ]
            ]
        },
        {
            "camera_angle_x": 0.6911112070083618,
            "file_path": "./train/Camera_09_frame_020.png",
            "rotation": 2.7017695903778076,
            "transform_matrix": [
                [
                    -0.9048270583152771,
                    0.42577940225601196,
                    0.0,
                    -4.704684215539601e-06
                ],
                [
                    -0.35949742794036865,
                    -0.7639707326889038,
                    0.5358269214630127,
                    -1.4415471923712175e-05
                ],
                [
                    0.22814403474330902,
                    0.4848306477069855,
                    0.8443279266357422,
                    -113.52444458007812
                ],
                [
                    -0.0,
                    0.0,
                    -0.0,
                    1.0
                ]
            ]
        },
        {
            "camera_angle_x": 0.6911112070083618,
            "file_path": "./train/Camera_10_frame_020.png",
            "rotation": 2.8274333477020264,
            "transform_matrix": [
                [
                    -0.9510565400123596,
                    0.30901703238487244,
                    -7.450580596923828e-08,
                    4.130303295823978e-06
                ],
                [
                    -0.25000008940696716,
                    -0.7694209218025208,
                    0.5877851843833923,
                    1.3241590750112664e-05
                ],
                [
                    0.18163557350635529,
                    0.5590168833732605,
                    0.8090170621871948,
                    -113.5244369506836
                ],
                [
                    -0.0,
                    -0.0,
                    -0.0,
                    1.0
                ]
            ]
        },
        {
            "camera_angle_x": 0.6911112070083618,
            "file_path": "./train/Camera_11_frame_020.png",
            "rotation": 2.953097105026245,
            "transform_matrix": [
                [
                    -0.9822872877120972,
                    0.187381312251091,
                    2.980232594040899e-08,
                    -2.0138502350164345e-06
                ],
                [
                    -0.14437974989414215,
                    -0.7568652629852295,
                    0.637424111366272,
                    -1.5882018487900496e-05
                ],
                [
                    0.11944139003753662,
                    0.6261336207389832,
                    0.7705132365226746,
                    -113.52444458007812
                ],
                [
                    -0.0,
                    0.0,
                    -0.0,
                    1.0
                ]
            ]
        },
        {
            "camera_angle_x": 0.6911112070083618,
            "file_path": "./train/Camera_12_frame_020.png",
            "rotation": 3.078760862350464,
            "transform_matrix": [
                [
                    -0.9980267286300659,
                    0.06279046088457108,
                    3.725290298461914e-08,
                    1.6867788872332312e-06
                ],
                [
                    -0.0457722470164299,
                    -0.7275301218032837,
                    0.6845471858978271,
                    -1.1391568477847613e-05
                ],
                [
                    0.04298305884003639,
                    0.6831963658332825,
                    0.7289685010910034,
                    -113.5244369506836
                ],
                [
                    -0.0,
                    0.0,
                    -0.0,
                    1.0
                ]
            ]
        },
        {
            "camera_angle_x": 0.6911112070083618,
            "file_path": "./train/Camera_13_frame_020.png",
            "rotation": -3.078760862350464,
            "transform_matrix": [
                [
                    -0.9980267286300659,
                    -0.06279046088457108,
                    -4.0978193283081055e-08,
                    -1.8593923414300662e-06
                ],
                [
                    0.04298299551010132,
                    -0.6831962466239929,
                    0.728968620300293,
                    -7.569428362330655e-06
                ],
                [
                    -0.045772310346364975,
                    0.7275302410125732,
                    0.6845470666885376,
                    -113.52444458007812
                ],
                [
                    0.0,
                    0.0,
                    -0.0,
                    1.0
                ]
            ]
        },
        {
            "camera_angle_x": 0.6911112070083618,
            "file_path": "./train/Camera_14_frame_020.png",
            "rotation": -2.953097105026245,
            "transform_matrix": [
                [
                    -0.9822872877120972,
                    -0.187381312251091,
                    2.2351745343485163e-08,
                    -2.584694129836862e-06
                ],
                [
                    0.11944132298231125,
                    -0.6261332631111145,
                    0.7705135345458984,
                    -3.4617660276126117e-05
                ],
                [
                    -0.14437980949878693,
                    0.7568656206130981,
                    0.6374237537384033,
                    -113.52445983886719
                ],
                [
                    -0.0,
                    0.0,
                    -0.0,
                    1.0
                ]
            ]
        },
        {
            "camera_angle_x": 0.6911112070083618,
            "file_path": "./train/Camera_15_frame_020.png",
            "rotation": -2.8274333477020264,
            "transform_matrix": [
                [
                    -0.9510565400123596,
                    -0.30901703238487244,
                    4.470348358154297e-08,
                    1.8626075188876712e-06
                ],
                [
                    0.18163569271564484,
                    -0.55901700258255,
                    0.8090169429779053,
                    7.84538860898465e-06
                ],
                [
                    -0.25,
                    0.769420862197876,
                    0.5877852439880371,
                    -113.5244369506836
                ],
                [
                    -0.0,
                    0.0,
                    -0.0,
                    1.0
                ]
            ]
        },
        {
            "camera_angle_x": 0.6911112070083618,
            "file_path": "./train/Camera_16_frame_020.png",
            "rotation": -2.7017698287963867,
            "transform_matrix": [
                [
                    -0.9048271179199219,
                    -0.42577916383743286,
                    -1.1920928955078125e-07,
                    -4.2544793359411415e-06
                ],
                [
                    0.2281438261270523,
                    -0.48483070731163025,
                    0.8443278670310974,
                    9.33961109694792e-06
                ],
                [
                    -0.3594972789287567,
                    0.7639707326889038,
                    0.5358268618583679,
                    -113.52444458007812
                ],
                [
                    0.0,
                    0.0,
                    -0.0,
                    1.0
                ]
            ]
        },
        {
            "camera_angle_x": 0.6911112070083618,
            "file_path": "./train/Camera_17_frame_020.png",
            "rotation": -2.576106071472168,
            "transform_matrix": [
                [
                    -0.844327986240387,
                    -0.5358266830444336,
                    -4.470348358154297e-08,
                    -4.685620751843089e-06
                ],
                [
                    0.25813648104667664,
                    -0.4067581593990326,
                    0.8763066530227661,
                    6.286881216510665e-06
                ],
                [
                    -0.4695485830307007,
                    0.7398902177810669,
                    0.48175370693206787,
                    -113.52444458007812
                ],
                [
                    0.0,
                    0.0,
                    -0.0,
                    1.0
                ]
            ]
        },
        {
            "camera_angle_x": 0.6911112070083618,
            "file_path": "./train/Camera_18_frame_020.png",
            "rotation": -2.4504425525665283,
            "transform_matrix": [
                [
                    -0.7705134153366089,
                    -0.6374237537384033,
                    1.4901161193847656e-08,
                    -2.996381044795271e-05
                ],
                [
                    0.2714017927646637,
                    -0.3280685544013977,
                    0.9048270583152771,
                    -1.3480587767844554e-05
                ],
                [
                    -0.5767583250999451,
                    0.6971814036369324,
                    0.42577919363975525,
                    -113.52444458007812
                ],
                [
                    -0.0,
                    0.0,
                    -0.0,
                    1.0
                ]
            ]
        },
        {
            "camera_angle_x": 0.6911112070083618,
            "file_path": "./train/Camera_19_frame_020.png",
            "rotation": -2.3247785568237305,
            "transform_matrix": [
                [
                    -0.6845471262931824,
                    -0.728968620300293,
                    -5.960464477539063e-08,
                    3.119004077234422e-08
                ],
                [
                    0.26835116744041443,
                    -0.2519986629486084,
                    0.9297764897346497,
                    2.696067440410843e-06
                ],
                [
                    -0.677777886390686,
                    0.6364758014678955,
                    0.3681245446205139,
                    -113.52444458007812
                ],
                [
                    0.0,
                    0.0,
                    -0.0,
                    1.0
                ]
            ]
        },
        {
            "camera_angle_x": 0.6911112070083618,
            "file_path": "./train/Camera_20_frame_020.png",
            "rotation": -2.1991147994995117,
            "transform_matrix": [
                [
                    -0.5877852439880371,
                    -0.8090170621871948,
                    -1.4901161193847656e-08,
                    8.425707164860796e-06
                ],
                [
                    0.2499999850988388,
                    -0.18163561820983887,
                    0.9510564804077148,
                    -1.9650437934615184e-06
                ],
                [
                    -0.7694209218025208,
                    0.5590169429779053,
                    0.3090169429779053,
                    -113.52442932128906
                ],
                [
                    0.0,
                    0.0,
                    -0.0,
                    1.0
                ]
            ]
        },
        {
            "camera_angle_x": 0.6911112070083618,
            "file_path": "./train/Camera_21_frame_020.png",
            "rotation": -2.073451280593872,
            "transform_matrix": [
                [
                    -0.4817538261413574,
                    -0.8763066530227661,
                    1.6391278734317893e-07,
                    -1.982466346817091e-05
                ],
                [
                    0.21792873740196228,
                    -0.11980719119310379,
                    0.9685831665992737,
                    7.897680006863084e-06
                ],
                [
                    -0.8487758636474609,
                    0.46661868691444397,
                    0.2486899495124817,
                    -113.52445220947266
                ],
                [
                    -0.0,
                    0.0,
                    -0.0,
                    1.0
                ]
            ]
        },
        {
            "camera_angle_x": 0.6911112070083618,
            "file_path": "./train/Camera_22_frame_020.png",
            "rotation": -1.9477875232696533,
            "transform_matrix": [
                [
                    -0.3681246340274811,
                    -0.9297764897346497,
                    4.470348713425665e-08,
                    -7.757394087093417e-06
                ],
                [
                    0.17422278225421906,
                    -0.0689796507358551,
                    0.9822872281074524,
                    3.54681628778053e-06
                ],
                [
                    -0.9133075475692749,
                    0.36160415410995483,
                    0.18738137185573578,
                    -113.52444458007812
                ],
                [
                    -0.0,
                    0.0,
                    -0.0,
                    1.0
                ]
            ]
        },
        {
            "camera_angle_x": 0.6911112070083618,
            "file_path": "./train/Camera_23_frame_020.png",
            "rotation": -1.8221235275268555,
            "transform_matrix": [
                [
                    -0.248689666390419,
                    -0.9685831665992737,
                    -3.352760913344355e-08,
                    2.4976267013698816e-05
                ],
                [
                    0.12139564752578735,
                    -0.031169109046459198,
                    0.9921146035194397,
                    7.707998292971752e-07
                ],
                [
                    -0.9609455466270447,
                    0.24672865867614746,
                    0.12533321976661682,
                    -113.52442932128906
                ],
                [
                    0.0,
                    0.0,
                    -0.0,
                    1.0
                ]
            ]
        },
        {
            "camera_angle_x": 0.6911112070083618,
            "file_path": "./train/Camera_24_frame_020.png",
            "rotation": -1.696460247039795,
            "transform_matrix": [
                [
                    -0.12533345818519592,
                    -0.9921147227287292,
                    8.381903882082042e-08,
                    -2.4839235265972093e-05
                ],
                [
                    0.06229538843035698,
                    -0.007869667373597622,
                    0.9980267286300659,
                    -2.5894973987306003e-06
                ],
                [
                    -0.9901570081710815,
                    0.12508614361286163,
                    0.06279050558805466,
                    -113.52445220947266
                ],
                [
                    -0.0,
                    0.0,
                    -0.0,
                    1.0
                ]
            ]
        },
        {
            "camera_angle_x": 0.6911112070083618,
            "file_path": "./train/Camera_25_frame_020.png",
            "rotation": -1.5707963705062866,
            "transform_matrix": [
                [
                    -4.371138828673793e-08,
                    -1.0,
                    2.117582368135751e-22,
                    -4.9623108679952566e-06
                ],
                [
                    -4.371138828673793e-08,
                    1.910685465164705e-15,
                    1.0,
                    -4.9623108679952566e-06
                ],
                [
                    -1.0,
                    4.371138828673793e-08,
                    -4.371138828673793e-08,
                    -113.5244369506836
                ],
                [
                    0.0,
                    0.0,
                    -0.0,
                    1.0
                ]
            ]
        },
        {
            "camera_angle_x": 0.6911112070083618,
            "file_path": "./train/Camera_26_frame_020.png",
            "rotation": -1.4451327323913574,
            "transform_matrix": [
                [
                    0.12533313035964966,
                    -0.9921147227287292,
                    7.683411240577698e-08,
                    -1.1470292520243675e-05
                ],
                [
                    -0.06229535862803459,
                    -0.00786964874714613,
                    0.9980267286300659,
                    6.1500040828832425e-06
                ],
                [
                    -0.9901570081710815,
                    -0.12508580088615417,
                    -0.06279046833515167,
                    -113.5244369506836
                ],
                [
                    -0.0,
                    0.0,
                    -0.0,
                    1.0
                ]
            ]
        },
        {
            "camera_angle_x": 0.6911112070083618,
            "file_path": "./train/Camera_27_frame_020.png",
            "rotation": -1.3194688558578491,
            "transform_matrix": [
                [
                    0.2486899495124817,
                    -0.9685831665992737,
                    1.0244549031313e-07,
                    9.615643648430705e-06
                ],
                [
                    -0.1213957741856575,
                    -0.031169040128588676,
                    0.9921147227287292,
                    -1.149960280599771e-05
                ],
                [
                    -0.9609456062316895,
                    -0.24672897160053253,
                    -0.12533333897590637,
                    -113.52445220947266
                ],
                [
                    -0.0,
                    0.0,
                    -0.0,
                    1.0
                ]
            ]
        },
        {
            "camera_angle_x": 0.6911112070083618,
            "file_path": "./train/Camera_28_frame_020.png",
            "rotation": -1.1938050985336304,
            "transform_matrix": [
                [
                    0.36812469363212585,
                    -0.9297764897346497,
                    -3.725290653733282e-08,
                    1.158083432528656e-05
                ],
                [
                    -0.17422284185886383,
                    -0.06897976249456406,
                    0.9822872877120972,
                    -1.3642604244523682e-05
                ],
                [
                    -0.9133075475692749,
                    -0.3616041839122772,
                    -0.18738143146038055,
                    -113.52444458007812
                ],
                [
                    -0.0,
                    0.0,
                    -0.0,
                    1.0
                ]
            ]
        },
        {
            "camera_angle_x": 0.6911112070083618,
            "file_path": "./train/Camera_29_frame_020.png",
            "rotation": -1.0681415796279907,
            "transform_matrix": [
                [
                    0.4817536175251007,
                    -0.8763067126274109,
                    1.2665987014770508e-07,
                    -4.297669420338934e-06
                ],
                [
                    -0.2179287075996399,
                    -0.1198071539402008,
                    0.9685832262039185,
                    -3.5091661629849114e-06
                ],
                [
                    -0.8487759232521057,
                    -0.46661847829818726,
                    -0.2486899197101593,
                    -113.52444458007812
                ],
                [
                    -0.0,
                    0.0,
                    -0.0,
                    1.0
                ]
            ]
        },
        {
            "camera_angle_x": 0.6911112070083618,
            "file_path": "./train/Camera_30_frame_020.png",
            "rotation": -0.9424780011177063,
            "transform_matrix": [
                [
                    0.5877850651741028,
                    -0.8090171813964844,
                    -1.043081283569336e-07,
                    -2.843210859282408e-05
                ],
                [
                    -0.25000011920928955,
                    -0.18163573741912842,
                    0.9510564208030701,
                    -1.892649925139267e-05
                ],
                [
                    -0.7694209814071655,
                    -0.5590168237686157,
                    -0.309017151594162,
                    -113.52444458007812
                ],
                [
                    -0.0,
                    0.0,
                    -0.0,
                    1.0
                ]
            ]
        },
        {
            "camera_angle_x": 0.6911112070083618,
            "file_path": "./train/Camera_31_frame_020.png",
            "rotation": -0.8168140649795532,
            "transform_matrix": [
                [
                    0.6845471262931824,
                    -0.728968620300293,
                    -2.9802322387695312e-08,
                    5.118392891745316e-07
                ],
                [
                    -0.2683511972427368,
                    -0.2519986033439636,
                    0.9297764897346497,
                    1.3056700254310272e-06
                ],
                [
                    -0.677777886390686,
                    -0.6364758014678955,
                    -0.36812451481819153,
                    -113.52444458007812
                ],
                [
                    -0.0,
                    0.0,
                    -0.0,
                    1.0
                ]
            ]
        },
        {
            "camera_angle_x": 0.6911112070083618,
            "file_path": "./train/Camera_32_frame_020.png",
            "rotation": -0.6911504864692688,
            "transform_matrix": [
                [
                    0.7705131769180298,
                    -0.637424111366272,
                    1.4901162970204496e-08,
                    -1.2835132110922132e-05
                ],
                [
                    -0.2714020311832428,
                    -0.32806864380836487,
                    0.9048270583152771,
                    -1.0033614671556279e-05
                ],
                [
                    -0.5767585635185242,
                    -0.6971811652183533,
                    -0.4257793724536896,
                    -113.52445220947266
                ],
                [
                    -0.0,
                    0.0,
                    -0.0,
                    1.0
                ]
            ]
        },
        {
            "camera_angle_x": 0.6911112070083618,
            "file_path": "./train/Camera_33_frame_020.png",
            "rotation": -0.5654865503311157,
            "transform_matrix": [
                [
                    0.844327986240387,
                    -0.5358266830444336,
                    4.470348358154297e-08,
                    1.3967383893032093e-05
                ],
                [
                    -0.25813645124435425,
                    -0.40675801038742065,
                    0.8763067722320557,
                    1.2883421732112765e-05
                ],
                [
                    -0.4695484936237335,
                    -0.7398902773857117,
                    -0.48175355792045593,
                    -113.5244369506836
                ],
                [
                    -0.0,
                    0.0,
                    -0.0,
                    1.0
                ]
            ]
        },
        {
            "camera_angle_x": 0.6911112070083618,
            "file_path": "./train/Camera_34_frame_020.png",
            "rotation": -0.4398229122161865,
            "transform_matrix": [
                [
                    0.9048271179199219,
                    -0.4257792532444,
                    0.0,
                    1.5559869552816963e-06
                ],
                [
                    -0.22814390063285828,
                    -0.4848305284976959,
                    0.8443279266357422,
                    4.263750724931015e-06
                ],
                [
                    -0.3594973087310791,
                    -0.7639707922935486,
                    -0.5358266830444336,
                    -113.5244369506836
                ],
                [
                    -0.0,
                    0.0,
                    -0.0,
                    1.0
                ]
            ]
        },
        {
            "camera_angle_x": 0.6911112070083618,
            "file_path": "./train/Camera_35_frame_020.png",
            "rotation": -0.3141593039035797,
            "transform_matrix": [
                [
                    0.9510565400123596,
                    -0.30901703238487244,
                    2.9802322387695312e-08,
                    -1.4354262702909182e-06
                ],
                [
                    -0.18163572251796722,
                    -0.5590171217918396,
                    0.8090168833732605,
                    -2.41255675064167e-05
                ],
                [
                    -0.2499999850988388,
                    -0.7694207429885864,
                    -0.5877853631973267,
                    -113.5244369506836
                ],
                [
                    -0.0,
                    0.0,
                    -0.0,
                    1.0
                ]
            ]
        },
        {
            "camera_angle_x": 0.6911112070083618,
            "file_path": "./train/Camera_36_frame_020.png",
            "rotation": -0.18849556148052216,
            "transform_matrix": [
                [
                    0.9822872877120972,
                    -0.1873813271522522,
                    2.2351741790771484e-08,
                    1.92526999853726e-06
                ],
                [
                    -0.11944136023521423,
                    -0.6261334419250488,
                    0.7705132961273193,
                    3.7471284031198593e-06
                ],
                [
                    -0.14437976479530334,
                    -0.7568653225898743,
                    -0.6374239325523376,
                    -113.52444458007812
                ],
                [
                    -0.0,
                    0.0,
                    -0.0,
                    1.0
                ]
            ]
        },
        {
            "camera_angle_x": 0.6911112070083618,
            "file_path": "./train/Camera_37_frame_020.png",
            "rotation": -0.06283184885978699,
            "transform_matrix": [
                [
                    0.9980267286300659,
                    -0.06279052048921585,
                    -3.725290298461914e-09,
                    3.3776706231947173e-07
                ],
                [
                    -0.04298306629061699,
                    -0.6831963062286377,
                    0.728968620300293,
                    3.8071698327257764e-06
                ],
                [
                    -0.04577231407165527,
                    -0.7275301814079285,
                    -0.6845471262931824,
                    -113.5244369506836
                ],
                [
                    -0.0,
                    0.0,
                    -0.0,
                    1.0
                ]
            ]
        },
        {
            "camera_angle_x": 0.6911112070083618,
            "file_path": "./train/Camera_38_frame_020.png",
            "rotation": 0.06283184885978699,
            "transform_matrix": [
                [
                    0.9980267286300659,
                    0.06279051303863525,
                    0.0,
                    -1.734567121047803e-07
                ],
                [
                    0.04577231407165527,
                    -0.7275301814079285,
                    0.6845471262931824,
                    -1.497042489972955e-08
                ],
                [
                    0.04298306256532669,
                    -0.6831962466239929,
                    -0.728968620300293,
                    -113.52442932128906
                ],
                [
                    -0.0,
                    0.0,
                    -0.0,
                    1.0
                ]
            ]
        },
        {
            "camera_angle_x": 0.6911112070083618,
            "file_path": "./train/Camera_39_frame_020.png",
            "rotation": 0.18849557638168335,
